                         est_lrpt                      descent                       
instance size  best      runtime makespan ecart        runtime makespan ecart        
ft06     6x6     55            9       61  10,9             19       57   3,6        
ft10     10x10  930            2     1108  19,1             14     1108  19,1        
ft20     20x5  1165            0     1501  28,8              8     1501  28,8        
la01     10x5   666            0      735  10,4              4      695   4,4        
la02     10x5   655            1      817  24,7              5      782  19,4        
la03     10x5   597            0      696  16,6              1      696  16,6        
la04     10x5   590            1      758  28,5              1      747  26,6        
la05     10x5   593            0      593   0,0              1      593   0,0        
la06     15x5   926            0      926   0,0              2      926   0,0        
la07     15x5   890            0      970   9,0              4      934   4,9        
la08     15x5   863            0      943   9,3              5      909   5,3        
la09     15x5   951            0     1015   6,7              1      985   3,6        
AVG      -        -          1,1        -  13,7            5,4        -  11,0        