                         lrpt                          est_lrpt                      
instance size  best      runtime makespan ecart        runtime makespan ecart        
ft06     6x6     55            9       74  34,5              2       61  10,9        
ft10     10x10  930            4     1289  38,6              4     1108  19,1        
ft20     20x5  1165            1     1955  67,8              1     1501  28,8        
la01     10x5   666            1      845  26,9              1      735  10,4        
la02     10x5   655            0      982  49,9              0      817  24,7        
la03     10x5   597            0      797  33,5              1      696  16,6        
la04     10x5   590            0     1000  69,5              1      758  28,5        
la05     10x5   593            1      666  12,3              0      593   0,0        
la06     15x5   926            1     1151  24,3              0      926   0,0        
la07     15x5   890            0     1108  24,5              1      970   9,0        
la08     15x5   863            0     1196  38,6              1      943   9,3        
la09     15x5   951            0     1233  29,7              0     1015   6,7        
AVG      -        -          1,4        -  37,5            1,0        -  13,7        