                         descent                       taboo                         
instance size  best      runtime makespan ecart        runtime makespan ecart        
ft06     6x6     55           32       57   3,6            999       57   3,6        
ft10     10x10  930            5     1108  19,1            999     1076  15,7        
ft20     20x5  1165            1     1501  28,8            999     1385  18,9        
la01     10x5   666            1      695   4,4            733      698   4,8        
la02     10x5   655            1      782  19,4            999      782  19,4        
la03     10x5   597            1      696  16,6            999      696  16,6        
la04     10x5   590            1      747  26,6            858      707  19,8        
la05     10x5   593            0      593   0,0            515      593   0,0        
la06     15x5   926            1      926   0,0            764      926   0,0        
la07     15x5   890            2      934   4,9            999      921   3,5        
la08     15x5   863            1      909   5,3            999      918   6,4        
la09     15x5   951            1      985   3,6            717      962   1,2        
AVG      -        -          3,9        -  11,0          881,7        -   9,2        